Training error for k= 0 :
 [[0.06689203 0.06689203 0.06665057 0.06592613 0.06592613 0.06713355
  0.06689203]
 [0.06278676 0.06447721 0.06520164 0.06351125 0.0625453  0.06471866
  0.06616759]
 [0.06447721 0.06351125 0.06206232 0.06302828 0.06399423 0.06471866
  0.06447721]]

Testing error for k= 0 :
 [[0.0804348  0.0826087  0.0804348  0.0826087  0.0804348  0.0826087
  0.0826087 ]
 [0.0782609  0.0826087  0.0782609  0.0826087  0.0804348  0.07608694
  0.0826087 ]
 [0.07608694 0.0804348  0.0782609  0.0826087  0.0804348  0.0804348
  0.08913046]]
------------------------------------------------------


Training error for k= 1 :
 [[0.06544316 0.06665057 0.06592613 0.06761652 0.06640905 0.06592613
  0.06520164]
 [0.06037188 0.06182081 0.06037188 0.06133783 0.06133783 0.06085485
  0.06157935]
 [0.39193434 0.05940592 0.05964744 0.06013042 0.05892295 0.06109637
  0.06133783]]

Testing error for k= 1 :
 [[0.08913046 0.09130436 0.09130436 0.09130436 0.09347826 0.09130436
  0.09347826]
 [0.0847826  0.0826087  0.07391304 0.0826087  0.0847826  0.07391304
  0.0847826 ]
 [0.4130435  0.0804348  0.07173914 0.0804348  0.07608694 0.07608694
  0.0826087 ]]
------------------------------------------------------


Training error for k= 2 :
 [[0.06785798 0.067375   0.06689203 0.06689203 0.06761652 0.06616759
  0.067375  ]
 [0.06302828 0.06133783 0.06157935 0.06182081 0.06326973 0.06520164
  0.06375271]
 [0.06302828 0.06230378 0.06230378 0.06037188 0.0598889  0.06375271
  0.06520164]]

Testing error for k= 2 :
 [[0.06086957 0.06086957 0.06086957 0.06086957 0.06086957 0.06086957
  0.06086957]
 [0.06521738 0.06304348 0.06304348 0.06521738 0.06304348 0.06304348
  0.05869567]
 [0.06304348 0.06521738 0.06086957 0.06086957 0.06521738 0.06521738
  0.06086957]]
------------------------------------------------------


Training error for k= 3 :
 [[0.06834096 0.06858248 0.06834096 0.06930691 0.06882393 0.06858248
  0.0680995 ]
 [0.06061339 0.06037188 0.06133783 0.06230378 0.06013042 0.05819851
  0.06061339]
 [0.05819851 0.05819851 0.0598889  0.05868149 0.0598889  0.05940592
  0.06013042]]

Testing error for k= 3 :
 [[0.0847826  0.0847826  0.08913046 0.0869565  0.0826087  0.0869565
  0.08913046]
 [0.0804348  0.0847826  0.0804348  0.0826087  0.0804348  0.0826087
  0.0826087 ]
 [0.0826087  0.0804348  0.0826087  0.0804348  0.0847826  0.0826087
  0.0804348 ]]
------------------------------------------------------


Training error for k= 4 :
 [[0.07148033 0.06785798 0.07051438 0.07099736 0.06954843 0.06954843
  0.07051438]
 [0.06447721 0.06423569 0.06471866 0.06351125 0.06230378 0.06568462
  0.06326973]
 [0.39483219 0.06061339 0.06157935 0.06278676 0.06278676 0.06399423
  0.06616759]]

Testing error for k= 4 :
 [[0.0804348  0.0782609  0.0847826  0.0847826  0.0826087  0.0826087
  0.0847826 ]
 [0.0804348  0.0804348  0.0826087  0.0804348  0.07608694 0.0804348
  0.0869565 ]
 [0.38695651 0.0826087  0.07173914 0.07608694 0.07608694 0.0847826
  0.0826087 ]]
------------------------------------------------------


Training error for k= 5 :
 [[0.06834096 0.06930691 0.06978989 0.0680995  0.06834096 0.06834096
  0.06761652]
 [0.06133783 0.06109637 0.06375271 0.06157935 0.06278676 0.06109637
  0.06351125]
 [0.06061339 0.06061339 0.06351125 0.0625453  0.06230378 0.06230378
  0.06230378]]

Testing error for k= 5 :
 [[0.05434781 0.05434781 0.05434781 0.05434781 0.05434781 0.05217391
  0.05434781]
 [0.05652171 0.05434781 0.05434781 0.05217391 0.05434781 0.05652171
  0.05434781]
 [0.05217391 0.05434781 0.05652171 0.05434781 0.05434781 0.05000001
  0.05217391]]
------------------------------------------------------


Training error for k= 6 :
 [[0.06858248 0.06882393 0.06858248 0.06882393 0.06882393 0.06906545
  0.06834096]
 [0.06326973 0.06278676 0.06133783 0.06206232 0.06230378 0.06423569
  0.06399423]
 [0.06133783 0.06133783 0.06157935 0.06013042 0.06278676 0.06230378
  0.06326973]]

Testing error for k= 6 :
 [[0.05652171 0.05652171 0.05652171 0.05652171 0.05869567 0.05652171
  0.05869567]
 [0.06086957 0.05434781 0.05652171 0.05434781 0.05217391 0.05869567
  0.06086957]
 [0.05869567 0.05869567 0.05652171 0.05000001 0.04565215 0.05434781
  0.07173914]]
------------------------------------------------------


Training error for k= 7 :
 [[0.07123882 0.07220477 0.07075584 0.07196331 0.07196331 0.07172179
  0.07123882]
 [0.06399423 0.06351125 0.06302828 0.06206232 0.06133783 0.06278676
  0.06302828]
 [0.39821297 0.39821297 0.06182081 0.0625453  0.06665057 0.06206232
  0.06713355]]

Testing error for k= 7 :
 [[0.0782609  0.0782609  0.0782609  0.0782609  0.07608694 0.07608694
  0.0782609 ]
 [0.07391304 0.0804348  0.07608694 0.07608694 0.07608694 0.0804348
  0.07608694]
 [0.35652173 0.35652173 0.07391304 0.07608694 0.07608694 0.07608694
  0.0826087 ]]
------------------------------------------------------


Training error for k= 8 :
 [[0.06689203 0.06713355 0.06592613 0.06640905 0.06592613 0.06761652
  0.06616759]
 [0.06037188 0.06013042 0.0598889  0.06037188 0.06133783 0.06061339
  0.05916446]
 [0.39169282 0.05819851 0.0598889  0.05916446 0.05964744 0.06061339
  0.05964744]]

Testing error for k= 8 :
 [[0.0804348  0.0804348  0.0804348  0.0782609  0.0804348  0.0804348
  0.0804348 ]
 [0.07173914 0.07173914 0.06956524 0.07391304 0.07391304 0.07173914
  0.07391304]
 [0.4152174  0.07173914 0.06956524 0.07173914 0.06956524 0.07391304
  0.06956524]]
------------------------------------------------------


Training error for k= 9 :
 [[0.06978989 0.06858248 0.07051438 0.06954843 0.06930691 0.07027286
  0.06978989]
 [0.06326973 0.06423569 0.06109637 0.06182081 0.06351125 0.06230378
  0.06302828]
 [0.06013042 0.06037188 0.06182081 0.06133783 0.06061339 0.06230378
  0.0625453 ]]

Testing error for k= 9 :
 [[0.07608694 0.06739128 0.07608694 0.07391304 0.0782609  0.07391304
  0.07173914]
 [0.06304348 0.07173914 0.06739128 0.06304348 0.06086957 0.06739128
  0.06739128]
 [0.05869567 0.06521738 0.06521738 0.06086957 0.05434781 0.06521738
  0.05434781]]
------------------------------------------------------


Generalized training errors:
 [[0.06848586 0.06834097 0.06838928 0.06855832 0.06826853 0.06843758
  0.06812363]
 [0.06235209 0.06240039 0.06223134 0.06203816 0.06208645 0.06256943
  0.06281093]
 [0.19444579 0.09427674 0.06141029 0.06107221 0.06174837 0.0622555
  0.06322145]]

Generalized testing errors:
 [[0.07413044 0.07347826 0.0752174  0.07478261 0.07478262 0.07434782
  0.07543479]
 [0.07152174 0.0726087  0.07021739 0.07130435 0.07021739 0.07108696
  0.07282608]
 [0.19630435 0.09956522 0.06869565 0.06934783 0.06826086 0.07086956
  0.0726087 ]]